1 59.500950095
2 63.501350135
3 59.5467792182
4 59.0144230769
5 65.0240384615
6 68.0072028812
7 68.0072028812
8 67.061421116
9 68.1818181818
10 68.115942029
11 69.501950195
12 73.0368589744
13 74.0867121638
14 76.1674718196
15 75.0400641026
16 77.1739130435
17 73.6919044258
18 77.724569009
19 78.5714285714
20 77.0432692308
21 77.5689223058
22 78.5256731058
23 80.0480769231
24 78.2828282828
25 79.7409013005
26 80.7490674463
27 80.650185911
28 80.193236715
29 80.193236715
30 79.6452617827
31 80.1083902047
32 79.6452617827
33 79.6452617827
34 80.193236715
35 80.5764411028
36 80.193236715
37 80.193236715
38 79.1867954911
39 80.303030303
40 80.303030303
41 79.8613219962
42 80.303030303
43 78.8490737929
44 78.4090909091
45 80.0071203336
46 80.0071203336
47 79.4237012987
48 80.0071203336
49 80.0071203336
50 80.0071203336
51 80.0071203336
52 80.0071203336
53 80.4383116883
54 79.4237012987
55 79.8613219962
56 79.8613219962
57 79.8613219962
58 79.8613219962
59 80.303030303
60 79.8613219962
61 80.4383116883
62 80.8735701994
63 80.8735701994
64 80.4383116883
65 80.4383116883
66 80.4383116883
