1 59.5
2 63.5
3 59.5
4 59.0
5 65.0
6 68.0
7 68.0
8 67.0
9 68.0
10 68.0
11 69.5
12 73.0
13 74.0
14 76.0
15 75.0
16 77.0
17 73.5
18 77.5
19 78.5
20 77.0
21 77.5
22 78.5
23 80.0
24 78.0
25 79.5
26 80.5
27 80.5
28 80.0
29 80.0
30 79.5
31 80.0
32 79.5
33 79.5
34 80.0
35 80.5
36 80.0
37 80.0
38 79.0
39 80.0
40 80.0
41 79.5
42 80.0
43 78.5
44 78.0
45 79.5
46 79.5
47 79.0
48 79.5
49 79.5
50 79.5
51 79.5
52 79.5
53 80.0
54 79.0
55 79.5
56 79.5
57 79.5
58 79.5
59 80.0
60 79.5
61 80.0
62 80.5
63 80.5
64 80.0
65 80.0
66 80.0
67 80.0
68 80.0
69 80.0
70 80.0
71 80.0
