1 1.0
2 1.6
3 2.01666666667
4 3.61666666667
5 2.68333333333
6 3.0
7 3.58333333333
8 4.15
9 4.06666666667
10 4.08333333333
11 4.1
12 4.26666666667
13 4.35
14 4.51666666667
15 5.38333333333
16 5.21666666667
17 5.11666666667
18 5.01666666667
19 5.1
20 5.2
21 5.2
22 6.68333333333
23 5.41666666667
24 6.53333333333
25 6.4166666667
26 6.35
27 6.23333333333
28 6.36666666667
29 6.16666666667
30 5.9
31 5.78333333333
32 6.05
33 6.0
34 6.1
35 6.9
36 6.08333333333
37 6.01666666667
38 6.15
39 6.21666666667
40 6.1
41 7.76666666667
42 6.26666666667
43 6.1
44 6.26666666667
45 6.3
46 6.13333333333
47 6.25
48 6.25
49 6.18333333333
50 6.28333333333
51 6.3
52 7.66666666667
53 6.31666666667
54 6.3
55 6.35
56 6.35
57 7.68333333333
58 14.3
59 12.25
60 13.4
61 6.5666666667
62 12.4
63 12.3
64 14.05
65 14.0666666667
66 13.05
67 13.3666666667
68 12.35
69 13.4666666667
70 17.1666666667
71 16.4166666667
